--- Hash table created by Double hashing    ---
[  0] 
[  1]          1,   10527144,     ЉPСФнG,       82.5
[  2]         85,   10527151,     ГЏЉЩЇЭ,      82.17
[  3]          3,   10527108,     ТВФQ­ѕ,      71.67
[  4]          4,   10527119,     ЊLЎЪКћ,      82.83
[  5]        100,   10527153,     ГЏЅпПo,      82.17
[  6]          6,   10527203,     ГЏИЊЛT,       80.5
[  7]        105,   10527132,     ЊLЈШЇu,       78.5
[  8]          8,   10427113,     СТЄхГЭ,      74.83
[  9]          9,   10527107,     Г\ЊYДќ,      83.33
[ 10]        102,   10527218,     БiАЖЅє,       76.5
[ 11]         11,   10527129,     ГЏЊvІ|,         78
[ 12]         53,   10527270,     ПНЙlЙm,      79.17
[ 13]         13,   10527206,     ІЖЌfПй,       63.5
[ 14]         14,   10527124,     ЊєЅПЕq,         67
[ 15]         15,   10527106,     ЖРоm­ѕ,       62.5
[ 16]          6,   10527230,     ЇѕЉгЎІ,       76.5
[ 17] 
[ 18]         18,   10527139,     ЖРЌLЄЏ,       86.5
[ 19]          7,   10527238,     Г\Ј|Ил,       78.5
[ 20]         20,   10527209,     Г\Ј|З_,         63
[ 21]         21,   10527105,     ЉPЇQЈШ,      74.67
[ 22]        105,   10527213,     ГЂ­ѕЈЅ,         81
[ 23]         23,   10527136,     БiАЗ­ѕ,      62.33
[ 24] 
[ 25]         25,   10527149,     ГЏЋ~Књ,      81.83
[ 26] 
[ 27]         27,   10527104,     ОGДМСО,      84.83
[ 28]         28,   10527133,     Ќ_ЉгІі,         71
[ 29]         86,   10527250,     ЊєФГЅн,      73.67
[ 30]         75,   10527275,     Є§ФЃНї,       74.5
[ 31]         11,   10527219,     БiСОЗu,      78.33
[ 32]         14,   10527142,     Д^ИqЕО,      77.83
[ 33]         33,   10527130,     ГЏЄжЌv,         70
[ 34]         63,   10527243,     СщЈЮЈk,      86.67
[ 35]         35,   10527236,     ЖОВа­ш,      69.33
[ 36]         36,   10527125,     ПcЋaРM,         81
[ 37]         87,   10527222,     Д^УhМw,      89.33
[ 38]         38,   10527147,     ІѓЇгД­,       65.5
[ 39]         39,   10527102,     МBЋaЇЪ,      74.17
[ 40]         40,   10520140,     ОGЈЬЉs,      72.33
[ 41] 
[ 42] 
[ 43]         21,   10527150,     ЊLЗzЖЖ,      70.83
[ 44]         38,   10527174,     ЈHОoЉў,      72.33
[ 45]         45,   10527101,     ЇљГеЄ_,      73.83
[ 46]         46,   10527204,     ЖРЁ@Жv,      74.33
[ 47] 
[ 48]         48,   10527247,     НВБoЙќ,       73.5
[ 49]         49,   10527235,     ЗЈЊУАa,         69
[ 50]         14,   10527214,     ГЂЋэЙХ,      76.83
[ 51]         39,   10527120,     ЊLЈ|ІЅ,      82.33
[ 52]         52,   10520113,     ГЂЄlЅП,      70.83
[ 53]         53,   10527111,     ЌIЈ|Зz,      75.67
[ 54]         27,   10527140,     ЊьЁ@ЄИ,       72.5
[ 55]        102,   10527276,     ІѓЅУЙF,         76
[ 56]        112,   10527245,     ГЏЇЛЗИ,      82.83
[ 57]         36,   10527152,     ЇdЉгЏЇ,         79
[ 58]         46,   10527240,     ЙљИqКa,      78.67
[ 59]        107,   10527227,     УгВNЎІ,      80.17
[ 60] 
[ 61]         45,   10527110,     ЗЈЎќСЈ,      70.67
[ 62]         21,   10527273,     БчЋААa,      74.83
[ 63]         39,   10527201,     МBЉvНn,         71
[ 64]         64,   10527134,     СщЉ_Пн,      67.17
[ 65]         21,   10527237,     Ў]Д№ин,      83.33
[ 66]        101,   10527146,     СњІtЊY,      72.33
[ 67] 
[ 68]         14,   10527241,     БiЕњДм,      81.17
[ 69]         69,   10527113,     ЇѕКжРs,      79.67
[ 70]         61,   10527112,     ЉPЇгТE,      75.17
[ 71]         51,   10527145,     ЗЈЈнРM,         83
[ 72]        107,   10527272,     ГЏЄИБЖ,      73.67
[ 73] 
[ 74] 
[ 75]         64,   10527143,     И­ЄщЕО,       77.5
[ 76] 
[ 77]         77,   10527114,     ГЂЌ`Їј,         66
[ 78]         36,   10527215,     Ќ_ІtЏа,      69.83
[ 79]         77,   10527141,     БiВEЕq,       87.5
[ 80]         80,   10527127,     ЇdЎЖоГ,      78.17
[ 81]         39,   10527210,     ЋИТЇЅШ,      76.33
[ 82]         80,   10527246,     ЌіЄшЕx,         79
[ 83]         83,   10527212,     ГЏД­Аa,      64.17
[ 84]         80,   10527172,     ГЏЋTФ_,      73.67
[ 85]         85,   10527115,     АKОeПГ,       58.5
[ 86]         69,   10527131,     ГЂЎѕЉњ,      64.17
[ 87]         79,   10527202,     ГЏ­lКг,         71
[ 88]         61,   10527211,     Ќ_ЇЛПй,      71.17
[ 89]         53,   10527207,     О|ЎaЗь,      73.17
[ 90] 
[ 91]         77,   10527233,     ЇѕЉЃЈ|,      78.17
[ 92]         80,   10527217,     АЊАЖАa,      64.17
[ 93]         93,   10527208,     Їd­ѕоГ,      82.33
[ 94] 
[ 95]         95,   10527138,     Є§ДЖЗs,       51.5
[ 96]         95,   10527224,     ГЏЋHІt,      71.67
[ 97]         97,   10527249,     ПрОБПK,      72.83
[ 98]         98,   10520119,     ЖРГеЊl,      67.83
[ 99]         99,   10527225,     ФЌЗsЄЙ,       75.5
[100]        100,   10527135,     БiДМДм,      79.17
[101]        101,   10527117,     ЊLЌRИR,      70.17
[102]        102,   10527128,     ГЏЌLоГ,      76.17
[103]         79,   10527220,     ГЏЌfцP,      84.17
[104] 
[105]        105,   10527123,     ЇfЉuПA,      78.17
[106]        106,   10527239,     ЊLЋТЇЪ,         80
[107]         83,   10527221,     Д^ЄdДђ,      79.17
[108]        108,   10520120,     ЇdПЋЊl,      70.17
[109]        109,   10527118,     ЛЏЏ\ЇБ,         80
[110]        110,   10527109,     ­SЄхЛЈ,      77.67
[111]        111,   10527228,     ЖРЎmЉі,      65.67
[112]         63,   10527234,     ЙљЋлДИ,      83.67
 -----------------------------------------------------
