--- Hash table created by Quadratic probing ---
[  0]         77,   10527233,     李岡育,      78.17
[  1]          1,   10527144,     周謐媐,       82.5
[  2]        106,   10527239,     林威廷,         80
[  3]          3,   10527108,     簡麒哲,      71.67
[  4]          4,   10527119,     林晉維,      82.83
[  5]        102,   10527276,     何永達,         76
[  6]          6,   10527203,     陳葵蓉,       80.5
[  7]          6,   10527230,     李承恩,       76.5
[  8]          8,   10427113,     謝文凱,      74.83
[  9]          9,   10527107,     許欣渝,      83.33
[ 10]        107,   10527272,     陳元捷,      73.67
[ 11]         11,   10527129,     陳治帆,         78
[ 12]         11,   10527219,     張謙暉,      78.33
[ 13]        101,   10527146,     韓宇欣,      72.33
[ 14]         14,   10527124,     邱正皓,         67
[ 15]         15,   10527106,     黃煒哲,       62.5
[ 16]          7,   10527238,     許育誠,       78.5
[ 17]         13,   10527206,     朱柏諭,       63.5
[ 18]         18,   10527139,     黃昭仁,       86.5
[ 19] 
[ 20]         20,   10527209,     許育愷,         63
[ 21]         21,   10527105,     周利亞,      74.67
[ 22]         21,   10527150,     林暘順,      70.83
[ 23]         23,   10527136,     張健哲,      62.33
[ 24] 
[ 25]         25,   10527149,     陳品綸,      81.83
[ 26] 
[ 27]         27,   10527104,     鄭智謙,      84.83
[ 28]         28,   10527133,     柯承佑,         71
[ 29]         21,   10527273,     梁城軒,      74.83
[ 30]         14,   10527142,     彭義翔,      77.83
[ 31]         27,   10527140,     初　元,       72.5
[ 32] 
[ 33]         33,   10527130,     陳少洋,         70
[ 34] 
[ 35]         35,   10527236,     馮紹剛,      69.33
[ 36]         36,   10527125,     盧冠霖,         81
[ 37]         36,   10527152,     吳承祐,         79
[ 38]         38,   10527147,     何志揚,       65.5
[ 39]         39,   10527102,     劉冠廷,      74.17
[ 40]         40,   10520140,     鄭依孟,      72.33
[ 41]        105,   10527213,     郭哲言,         81
[ 42]         38,   10527174,     沈駟昊,      72.33
[ 43]         39,   10527120,     林育戎,      82.33
[ 44] 
[ 45]         45,   10527101,     杜博于,      73.83
[ 46]         45,   10527110,     楊海薇,      70.67
[ 47]         46,   10527204,     黃　鈞,      74.33
[ 48]         39,   10527201,     劉宗緯,         71
[ 49]         49,   10527235,     楊秉軒,         69
[ 50]         14,   10527214,     郭恆嘉,      76.83
[ 51]         51,   10527145,     楊侑霖,         83
[ 52]         52,   10520113,     郭子正,      70.83
[ 53]         53,   10527111,     施育暘,      75.67
[ 54]         53,   10527207,     魯家瑜,      73.17
[ 55]         39,   10527210,     姜禮玄,      76.33
[ 56] 
[ 57]         21,   10527237,     孫湘嵋,      83.33
[ 58] 
[ 59] 
[ 60] 
[ 61]         61,   10527112,     周志鴻,      75.17
[ 62]         61,   10527211,     柯宏諭,      71.17
[ 63]         63,   10527234,     廖彥晴,      83.67
[ 64]         64,   10527134,     鍾奇豫,      67.17
[ 65]         64,   10527143,     葉日翔,       77.5
[ 66] 
[ 67]         63,   10527243,     鍾佳男,      86.67
[ 68] 
[ 69]         69,   10527113,     李福龍,      79.67
[ 70]         69,   10527131,     郭泰明,      64.17
[ 71]         46,   10527240,     廖義榮,      78.67
[ 72]         36,   10527215,     柯宇耘,      69.83
[ 73]         48,   10527247,     蔡得彰,       73.5
[ 74] 
[ 75]         53,   10527270,     蕭雍雋,      79.17
[ 76]         75,   10527275,     王耀輝,       74.5
[ 77]         77,   10527114,     郭柄村,         66
[ 78]         77,   10527141,     張淳皓,       87.5
[ 79]         79,   10527202,     陳衍碩,         71
[ 80]         80,   10527127,     吳振瑋,      78.17
[ 81]         80,   10527172,     陳俊寶,      73.67
[ 82]         97,   10527249,     賴勳熾,      72.83
[ 83]         83,   10527212,     陳揚軒,      64.17
[ 84]         80,   10527217,     高偉軒,      64.17
[ 85]         85,   10527115,     袁頡興,       58.5
[ 86]         85,   10527151,     陳怡彤,      82.17
[ 87]         83,   10527221,     彭千湖,      79.17
[ 88]         79,   10527220,     陳柏澔,      84.17
[ 89]         80,   10527246,     紀方硯,         79
[ 90]         86,   10527250,     邱議禾,      73.67
[ 91]         87,   10527222,     彭懷德,      89.33
[ 92] 
[ 93]         93,   10527208,     吳哲瑋,      82.33
[ 94] 
[ 95]         95,   10527138,     王普新,       51.5
[ 96]         95,   10527224,     陳信宇,      71.67
[ 97]         14,   10527241,     張詠欽,      81.17
[ 98]         98,   10520119,     黃博泓,      67.83
[ 99]         99,   10527225,     蘇新允,       75.5
[100]        100,   10527135,     張智欽,      79.17
[101]        101,   10527117,     林昱祺,      70.17
[102]        102,   10527128,     陳昭瑋,      76.17
[103]        102,   10527218,     張偉任,       76.5
[104]        100,   10527153,     陳立穎,      82.17
[105]        105,   10527123,     呂季澤,      78.17
[106]        105,   10527132,     林亞吟,       78.5
[107]        107,   10527227,     譚淇恩,      80.17
[108]        108,   10520120,     吳翰泓,      70.17
[109]        109,   10527118,     趙珮妤,         80
[110]        110,   10527109,     范文豪,      77.67
[111]        111,   10527228,     黃峻易,      65.67
[112]        112,   10527245,     陳宏溢,      82.83
 -----------------------------------------------------
