--- Hash table created by Quadratic probing ---
[  0]        133,   10727241,     Є§эѕД@,       73.5
[  1]        146,   10727227,     МBЎaОБ,      68.83
[  2]          2,   10727209,     Є§ЋaГд,      81.33
[  3]          3,   10727248,     ОGЏ\ЗO,      86.83
[  4]        137,   10727237,     ЇdЌFПЮ,      77.83
[  5]        138,   10727154,     ЖРЄ_ЌР,      72.83
[  6]          6,   10727127,     ЊєЈЮТ@,       75.5
[  7]          7,   10720115,     ЊLЏбЖh,      87.17
[  8]          8,   10727224,     ЇѕБгЙХ,      92.83
[  9]          8,   10727242,     ЊLЋТІЈ,         65
[ 10]          6,   10727133,     ОHГЏБo,       73.5
[ 11]         96,   10727260,     ГЏЋaЛЪ,      75.67
[ 12] 
[ 13]        146,   10727233,     СТЌшТ{,         78
[ 14]         14,   10427114,     КЕЦ[Є@,      66.33
[ 15]         15,   10727153,     ЇfЉyТE,      75.33
[ 16]         15,   10727207,     БiЁ@Д@,      85.67
[ 17]        102,   10727236,     ЛЏЄ_кЌ,       79.5
[ 18] 
[ 19]         19,   10727122,     ЙљЋГЛЪ,      79.17
[ 20]         19,   10727212,     ЇѕЋGЇТ,      71.67
[ 21] 
[ 22]          6,   10727217,     ГЏЌГоГ,      67.17
[ 23]         23,   10727118,     ЇѕЉ|РM,      81.83
[ 24]         24,   10720116,     ОGІtГЧ,      73.33
[ 25]         24,   10727137,     ГЏФђЄИ,      68.83
[ 26]        128,   10727274,     И­ЇгАx,      81.67
[ 27]         23,   10727238,     ГЏЋЩЇe,         81
[ 28]         28,   10720107,     ГЏЅAЄЄ,      77.33
[ 29]         28,   10727205,     ОHЅАЈ^,      73.33
[ 30] 
[ 31]         27,   10727249,     ЊLЋэМн,      67.33
[ 32]         32,   10727114,     ЉP­NИл,      80.17
[ 33]         33,   10447236,     ГsЌеДD,      72.17
[ 34]         33,   10720138,     ГЏЉ|ЇЛ,       84.5
[ 35]         34,   10727158,     ЖРГЭБo,      77.83
[ 36]         32,   10727141,     БiЏCоГ,      74.17
[ 37]         37,   10720129,     БiЎбКћ,      72.17
[ 38]         37,   10727144,     Г\КћЉg,      76.17
[ 39]         39,   10720102,     ФЌЅ@ЌЩ,         91
[ 40] 
[ 41]         41,   10527217,     АЊАЖАa,      77.67
[ 42]         41,   10720117,     ЌxЄlДQ,      84.17
[ 43]         42,   10727147,      І~?Ля,      73.83
[ 44]         19,   10727221,     ЊєБсГЭ,         75
[ 45]         41,   10727101,     ГЏЋhшћ,      80.83
[ 46]         46,   10626305,     УQЄlЕО,         67
[ 47]         43,   10727228,     Є§ЌЃО^,      70.67
[ 48] 
[ 49]         33,   10727139,     ФЌБRГЧ,         64
[ 50]         41,   10727125,     ЅлМ}Ећ,      88.67
[ 51] 
[ 52] 
[ 53]         28,   10727250,     ЇdЊlшћ,         74
[ 54]         54,   10720127,     МBЉyјЪ,      82.83
[ 55]         54,   10727102,     БdЗ_ЈА,      85.17
[ 56]         56,   10727244,     ГЏЈЮЊY,      71.17
[ 57]         41,   10727152,     ЖРДКЊl,      64.83
[ 58]         58,   10727119,     ЇdЎІНч,      68.17
[ 59]         58,   10727239,     О|ЋТЇЛ,         71
[ 60]         60,   10727157,     ЄђЕbмr,      81.33
[ 61]         41,   10727251,     ЇdЊYТE,      72.17
[ 62] 
[ 63]         63,   10727128,     ЇdдаоБ,         86
[ 64]         63,   10727218,     ГЏ­ГЛЈ,      76.17
[ 65]         65,   10727222,     ЇѕІжБс,      81.33
[ 66]         41,   10727215,     ЈHЎaЅр,      79.83
[ 67]         67,   10720137,     ГЏЗLЄп,      70.67
[ 68]         67,   10727130,     ЖРЗNГд,      80.33
[ 69] 
[ 70]         70,   10527155,     ГЂЋТЇЪ,      74.67
[ 71]         71,   10527120,     ЊLЈ|ІЅ,       76.5
[ 72]         71,   10720101,      ЈПЋл?,         76
[ 73] 
[ 74]        102,   10744134,     ГЏЌъоБ,      73.33
[ 75] 
[ 76]         76,   10727111,     Є§Єхжq,      75.67
[ 77]         76,   10727123,     ЅаЈ|РM,       68.5
[ 78]         78,   10727176,     СТЈЩПГ,      68.17
[ 79]         54,   10727210,     ГЂТзЗь,         79
[ 80]         80,   10727104,     Є§ЄlЋТ,      66.83
[ 81]         80,   10727140,     ЖРЄ_Аa,      80.17
[ 82] 
[ 83]         67,   10727151,     УЙрБВE,      75.17
[ 84]         83,   10727208,     Ў}ЎќДХ,       89.5
[ 85]         76,   10727132,     БiЅєЇЛ,       87.5
[ 86]         85,   10727134,     БiЗчЊх,         72
[ 87]         86,   10727156,     ДПЋГЛЈ,      77.83
[ 88]         88,   10720111,     ГЏЄжЗu,       63.5
[ 89]         85,   10727143,     ІѓЉјОЫ,      74.33
[ 90]         90,   10727146,     ЌxКгСО,       89.5
[ 91] 
[ 92]         92,   10720105,     ЙљЏ\ЇЪ,         72
[ 93]         93,   10727105,     СТоГгT,      83.33
[ 94]         94,   10727136,     ПрЄхИЮ,      78.83
[ 95] 
[ 96]         96,   10727206,     ГЏЌMЗO,      87.67
[ 97]         93,   10727150,     ЙљЊlЖ{,      81.33
[ 98]         98,   10727126,     УЙОхЕX,      84.33
[ 99]         98,   10727216,     ЇѕЋ~Мн,      84.17
[100]        100,   10727226,     ДхЄlРs,      77.33
[101]         76,   10727231,     ЊLОхЄZ,         66
[102]        102,   10727116,     Бi­уПФ,      75.17
[103]        103,   10727138,     ДхЄlПй,      69.83
[104]        104,   10727246,     МBЎЪІЈ,      68.67
[105]         89,   10727229,     ЖРЖЎИЉ,      73.33
[106]        106,   10727106,      Ў}Ё@?,      81.17
[107] 
[108] 
[109]        109,   10727204,     ЅjЈKЇЭ,         81
[110]        109,   10727240,     ПрЈїЈf,       71.5
[111]        111,   10727112,     ИтЁ@Жv,      72.17
[112]        111,   10727121,     ЙиЌfІw,      82.17
[113]        112,   10727155,     ДПГеЗu,      82.33
[114] 
[115]        111,   10727211,     ЊLЋлНї,       82.5
[116]         67,   10727235,     И­Ј|оГ,      61.67
[117] 
[118]         54,   10727225,     ГЏЈЮЙb,      79.67
[119]        119,   10727107,     ФЌЕaЎS,       82.5
[120]        120,   10727129,     АЊАЖЉг,      81.83
[121]        120,   10727219,     Г\ЇгЅђ,      66.67
[122]        122,   10720131,     ИЪЕqЕО,      79.33
[123]        119,   10727170,     ЖРжMАa,       79.5
[124] 
[125]        100,   10744214,     ЖРДщДQ,       75.5
[126]        122,   10727202,     ­JЅHИЉ,       80.5
[127]        111,   10727223,     ГЏІtЇe,       68.5
[128]        128,   10727247,     ЙљЄЏГЧ,      68.83
[129]         93,   10727255,     ЉPЄlФЫ,      76.17
[130] 
[131]        122,   10727220,     ГЏЅПЏE,       74.5
[132]        132,   10727108,     Г\УvЄх,       71.5
[133]        133,   10727124,     МBІtЇЪ,         79
[134]        133,   10727214,     ЌxЄЭВЛ,      79.17
[135]         54,   10727252,     ЖРЄ_ЄE,      86.67
[136]        111,   10727232,     ПНВЛКћ,       44.5
[137]        137,   10627252,     Ў}КіЌX,      80.67
[138]        137,   10727117,     ЖРЋГЕО,      72.83
[139]        139,   10427125,     БhЁ@жo,      80.83
[140] 
[141]         41,   10727230,     Є§ЅУЉћ,      75.33
[142]        138,   10727145,     ЊLЉгЇА,      60.33
[143]        143,   10727148,     МBЛyДИ,      79.33
[144]        119,   10727257,     БiЏТЏщ,      73.67
[145]        145,   10727109,     ЊLЈШЇТ,      74.67
[146]        146,   10727113,     ГХЌfГд,      74.33
[147]        146,   10727131,     ГЏЋлКњ,      71.17
[148]         67,   10727253,     ЇѕЬАИЉ,      76.67
 -----------------------------------------------------
