--- Hash table created by Quadratic probing ---
[  0] 
[  1]         80,   10427128,     江峻瑋,      74.83
[  2]         81,   10327221,     陳迪翰,      69.33
[  3]          2,   10327256,     吳榮豪,      72.17
[  4]          4,   10444117,     顏任頡,      86.17
[  5]          5,   10427131,     廖宇紹,       83.5
[  6]          2,   10327265,     邱炳憲,         88
[  7]          7,   10227257,     蔡易霖,      77.17
[  8]          8,   10420141,       王浩,      84.83
[  9]          9,   10427137,     黃鴻志,       71.5
[ 10]         77,   10427117,     王睿邦,       72.5
[ 11]         11,   10327250,     陳佳琳,         70
[ 12]         12,   10427118,     邱妤靜,       77.5
[ 13] 
[ 14] 
[ 15]         15,   10427124,     柯秉寬,         70
[ 16]          7,   10427134,     陳韻竹,      60.83
[ 17] 
[ 18] 
[ 19]         15,   10427142,     許竣堯,      82.17
[ 20]         20,    3102535,     劉宏治,      74.17
[ 21] 
[ 22]          6,   10427126,     張惟堯,      77.83
[ 23]         23,   10427114,     熊觀一,      78.33
[ 24]         23,   10427141,     唐于涵,      76.17
[ 25]         77,   10427171,      王 彥,       66.5
[ 26]         26,   10427109,     劉信儀,      74.67
[ 27]         27,   10427108,     何瑞祥,      70.33
[ 28]         28,   10127261,     王彥鈞,       76.5
[ 29]         29,   10427106,     陳冠勳,      65.33
[ 30]         30,   10427105,     林佑儒,         82
[ 31]         31,   10427104,     彭鈺琳,         73
[ 32]         32,   10427103,     施宣宇,      67.83
[ 33]         33,   10427102,     蔡幸芸,         85
[ 34]         34,   10427101,     馬若芸,      80.33
[ 35]         34,   10427110,     劉柏豪,       77.5
[ 36]         32,   10427130,     郭　瑄,       80.5
[ 37]         37,   10327220,     張任宏,       75.5
[ 38]         34,   10427129,     黃柏維,         74
[ 39]         30,   10427119,     黃耀慶,         64
[ 40]         36,   10427136,     蔡易珊,      72.67
[ 41]         41,   10427115,     陳昱辰,      89.33
[ 42]         33,   10427120,     何明翰,      54.17
[ 43]         43,   10427127,     簡維德,      72.33
[ 44]         28,   10427107,     葉旻澔,      80.67
[ 45]         41,   10427151,     張哲煒,      80.33
[ 46]         42,   10427149,     沈敬堯,         83
[ 47]         38,   10427139,     許亦辰,      76.67
[ 48]         48,    4106076,     劉仁杰,      79.83
[ 49] 
[ 50]         34,   10427133,     許嘉榮,      74.33
[ 51]         50,   10427148,     莊凱丞,         68
[ 52]         52,   10427111,     楊樹萍,       72.5
[ 53]         53,   10327107,     伍延宸,      71.33
[ 54] 
[ 55]         55,   10127171,     陳康平,       83.5
[ 56]         52,   10427125,     庾　琁,       66.5
[ 57] 
[ 58]         58,   10427147,     劉柏志,      83.17
[ 59]         59,   10427116,     蘇哲穎,      74.17
[ 60] 
[ 61]         61,   10327241,     黃振嘉,      55.83
[ 62]         62,   10220140,     高自在,       84.5
[ 63]         63,   10427135,     林宗霖,         70
[ 64]         28,   10427170,     趙天宏,      69.67
[ 65]         61,   10427123,     陳治平,       83.5
[ 66]         66,    4106034,     何政霖,      50.67
[ 67]         31,   10427140,     陳亮瑄,       77.5
[ 68] 
[ 69]         65,   10427138,     葉士瑋,       75.5
[ 70]         70,   10427121,     林亭宇,      90.83
[ 71]          7,   10427143,     楊宜濱,       64.5
[ 72] 
[ 73] 
[ 74]         74,   10427145,     王睿毅,      79.83
[ 75]         66,   10427146,     古慶超,      84.67
[ 76]         76,   10227261,     邱冠智,      82.83
[ 77]         76,   10320129,     許齡之,      72.33
[ 78]         78,   10327237,     劉湘怡,      79.33
[ 79]         30,   10427150,     陳俊宏,       80.5
[ 80]         76,   10320133,     彭暐帆,      75.33
[ 81]         81,   10327122,     鄭敬達,      75.83
[ 82]         81,   10327212,     呂若豪,      72.17
 -----------------------------------------------------
